name: Marvin Rucinski
github: MervinDelfin
image: member.png
twitter: 3790335977
facebook: 100007010970789
bio: 15 year old teen who want to learn some programming
lat: 51.932282
lng: 15.464240
